<?xml version="1.0"?>
<opencv_storage>
<!--Cam2 Data-->
<RotationMatrix>
    <rows>3</rows>
    <cols>3</cols>
    <dt>f</dt>
    <data>
        0.99968318  0.01951615 -0.01589547
        0.01108039  0.22581402  0.97410741
        0.02260025 -0.97397492  0.22552623
    </data>
</RotationMatrix>
<TranslationVector type_id="opencv-matrix">
  <rows>3</rows>
  <cols>1</cols>
  <dt>f</dt>
  <data>
    -625.69192086  944.7984183  3321.60500759
  </data>
  </TranslationVector>
</opencv_storage>
