<?xml version="1.0"?>
<opencv_storage>
<!-- Cam3 Data-->
<Intrinsic type_id="opencv-matrix">
    <rows>3</rows>
    <cols>3</cols>
    <dt>f</dt>
    <data>
    689.47705538 0. 494.68293142
    0. 1005.61613485 486.39144239
    0. 0. 1.
    </data>
  </Intrinsic>
  <DistortionCoeffs type_id="opencv-matrix">
    <rows>5</rows>
    <cols>1</cols>
    <dt>f</dt>
    <data>
    -0.35663128
    0.18075987
    0.00194055
    0.00051837
    -0.05879322
    </data>
  </DistortionCoeffs>
  <RotationMatrix>
      <rows>3</rows>
      <cols>3</cols>
      <dt>f</dt>
  <data>
        0.10413039  0.99435845  0.0202024
        -0.2753096   0.00929978  0.96131064
        0.95569948 -0.10566356  0.27472481
      </data>
  </RotationMatrix>
  <TranslationMatrix type_id="opencv-matrix">
    <rows>3</rows>
    <cols>1</cols>
    <dt>f</dt>
    <data>
    481.45935431
    957.84867084
    2544.23921474
    </data>
    </TranslationMatrix>

</opencv_storage>