<?xml version="1.0"?>
<opencv_storage>
<!-- Cam3 Data-->
<Intrinsic type_id="opencv-matrix">
    <rows>3</rows>
    <cols>3</cols>
    <dt>f</dt>
    <data>
    690.01706941 0. 494.44710548
    0. 1006.35477113 488.57765873
    0. 0. 1.
    </data>
  </Intrinsic>
  <DistortionCoeffs type_id="opencv-matrix">
    <rows>5</rows>
    <cols>1</cols>
    <dt>f</dt>
    <data>     
    -0.35021139  
    0.16535589  
    0.00134429  
    0.00046199 
    -0.04995902
    </data>
  </DistortionCoeffs>
  <RotationMatrix>
      <rows>3</rows>
      <cols>3</cols>
      <dt>f</dt>
  <data>
    0.24448374 -0.96955469 0.01383495
    0.00995574 0.01677712 0.99980969
    -0.96960228 -0.24429948 0.01375436
      </data>
  </RotationMatrix>
  <TranslationMatrix type_id="opencv-matrix">
    <rows>3</rows>
    <cols>1</cols>
    <dt>f</dt>
    <data>
    -336.64712566
    1068.3408493
    3097.45460271
    </data>
    </TranslationMatrix>

</opencv_storage>
