<?xml version="1.0"?>
<opencv_storage>
<!-- Cam3 Data-->
<Intrinsic type_id="opencv-matrix">
    <rows>3</rows>
    <cols>3</cols>
    <dt>f</dt>
    <data>
    689.47705538 0. 494.68293142
    0. 1005.61613485 486.39144239
    0. 0. 1.
    </data>
  </Intrinsic>
  <DistortionCoeffs type_id="opencv-matrix">
    <rows>5</rows>
    <cols>1</cols>
    <dt>f</dt>
    <data>
    -0.35663128
    0.18075987
    0.00194055
    0.00051837
    -0.05879322
    </data>
  </DistortionCoeffs>
  <RotationMatrix>
      <rows>3</rows>
      <cols>3</cols>
      <dt>f</dt>
  <data>
    -0.24546837 0.96933438 0.0116675
    -0.00972962 -0.01449865 0.99984755
    0.96935577 0.24531743 0.01299022
      </data>
  </RotationMatrix>
  <TranslationMatrix type_id="opencv-matrix">
    <rows>3</rows>
    <cols>1</cols>
    <dt>f</dt>
    <data>
    -697.91091264
    1090.46468622
    2171.15147278
    </data>
    </TranslationMatrix>

</opencv_storage>
