<?xml version="1.0"?>
<opencv_storage>
<!-- Cam4 Data-->
<Intrinsic type_id="opencv-matrix">
    <rows>3</rows>
    <cols>3</cols>
    <dt>f</dt>
    <data>
    708.08604847 0. 517.93083667
    0. 1037.80095762 512.62575439
    0. 0. 1.
    </data>
  </Intrinsic>
  <DistortionCoeffs type_id="opencv-matrix">
    <rows>5</rows>
    <cols>1</cols>
    <dt>f</dt>
    <data>
    -0.33773575
    0.16627623
    -0.00382321
    0.00018362
    -0.07919876
    </data>
  </DistortionCoeffs>
  <RotationMatrix>
      <rows>3</rows>
      <cols>3</cols>
      <dt>f</dt>
  <data>
        0.57886841  0.81537532  0.00862827
        -0.22804354  0.15172019  0.96175731
        0.78288409 -0.55869855  0.2737671
      </data>
  </RotationMatrix>
  <TranslationMatrix type_id="opencv-matrix">
    <rows>3</rows>
    <cols>1</cols>
    <dt>f</dt>
    <data>
    -643.51072351
    811.2680524
    3492.20459073
    </data>
    </TranslationMatrix>


</opencv_storage>